41
43
44
47
47
49
51
52
54
56
57
59
60
62
63
63
65
67
70
71
72
75
76
78
79
80
83
83
85
87
88
89
91
92
92
94
95
97
99
99
101
103
103
105
105
107
108
110
111
111
112
113
115
115
117
118
119
120
121
121
123
124
124
126
127
127
127
129
131
131
134
135
135
137
139
140
141
143
143
144
145
147
147
150
151
151
152
153
155
156
156
158
159
159
159
161
163
163
164
166
167
167
168
169
171
171
172
173
174
175
175
176
177
177
179
179
180
180
182
183
183
184
184
185
186
187
187
187
188
188
188
189
190
190
191
191
192
192
193
195
195
195
196
196
198
198
199
199
199
199
200
200
201
201
201
202
203
203
203
204
204
204
204
204
204
204
204
204
205
206
204
204
203
201
200
200
199
199
198
198
196
196
196
195
195
195
195
194
193
193
193
192
192
192
192
192
192
192
192
192
192
192
192
192
190
190
189
188
188
187
187
186
185
185
184
184
184
184
184
183
183
182
182
182
181
180
180
180
180
179
179
179
179
179
179
179
178
177
177
177
177
177
177
177
176
176
176
176
176
176
176
176
176
176
176
176
176
176
176
176
176
176
176
176
176
176
176
176
176
176
176
176
176
176
176
176
176
175
175
175
174
174
174
174
173
172
172
172
172
172
172
172
172
172
172
172
171
171
171
171
171
171
171
171
170